Sample	FATTH	FY	MARBL	MAS1CP	MAS2CP	MBLG	MEATP	MTCAS	MY	NM	PL	PY	SF	TEND	Score
Bv6748801G	43.0	227.0	30.0	2.0	3.0	5.0	1.0	2.0	160.0	206.0	189.0	206.0	82.0	17.0	
Bv6748901G	36.0	244.0	32.0	1.0	5.0	5.0	1.0	2.0	175.0	215.0	202.0	217.0	76.0	18.0	
Bv6749001G	40.0	239.0	31.0	1.0	2.0	5.0	1.0	2.0	164.0	208.0	199.0	207.0	82.0	18.0	
Bv6749101G	40.0	233.0	32.0	1.0	3.0	5.0		2.0	162.0	209.0	196.0	206.0	82.0	15.0	
Bv6749201G	39.0	231.0	28.0	1.0	4.0	5.0	1.0	2.0	164.0	203.0	194.0	211.0	82.0	18.0	
Bv6749301G	36.0	232.0	32.0	1.0	5.0	4.0		1.0	170.0	213.0	202.0	207.0	82.0	19.0	
Bv6749401G	35.0	234.0	31.0	1.0	4.0	7.0	1.0	2.0	167.0	207.0	195.0	214.0	82.0	17.0	
Bv6749501G	41.0	229.0	33.0	1.0	2.0	5.0	1.0	1.0	166.0	201.0	186.0	205.0	77.0	17.0	
Bv6749601G	42.0	240.0	30.0	1.0	2.0	6.0		2.0	175.0	215.0	203.0	217.0	78.0	14.0	
Bv6749701G	39.0	235.0	28.0	1.0	4.0	6.0	1.0	2.0	167.0	206.0	198.0	211.0	76.0	17.0	
Bv6749801G	41.0	239.0	28.0	2.0	4.0	5.0	1.0	2.0	174.0	211.0	197.0	219.0	82.0	15.0	
Bv6749901G	36.0	230.0	34.0	2.0	6.0	6.0	1.0	2.0	164.0	203.0	188.0	207.0	81.0	18.0	
Bv6750001G	37.0	231.0	29.0	1.0	3.0	5.0	1.0	2.0	166.0	206.0	187.0	211.0	81.0	18.0	
Bv6750101G	36.0	230.0	32.0	1.0	3.0	5.0	1.0	1.0	164.0	205.0	187.0	207.0	80.0	16.0	
Bv6750201G	33.0	229.0	27.0	2.0	4.0	2.0	1.0	2.0	163.0	199.0	193.0	206.0	77.0	19.0	
Bv6750301G	37.0	239.0	32.0	1.0	1.0	5.0	1.0	1.0	158.0	205.0	201.0	211.0	80.0	16.0	
Bv6750401G	39.0	242.0	28.0	1.0	4.0	5.0	1.0	1.0	171.0	214.0	208.0	220.0	74.0	19.0	
Bv6750501G	40.0	234.0	32.0	1.0	3.0	5.0	1.0	1.0	168.0	209.0	200.0	213.0	82.0	17.0	
Bv6750601G	39.0	228.0	31.0	2.0	4.0	6.0	1.0	2.0	161.0	209.0	192.0	212.0	78.0	20.0	
Bv6750701G	40.0	240.0	32.0	1.0	3.0	5.0	1.0	2.0	169.0	206.0	192.0	216.0	80.0	17.0	
Bv6750801G	38.0	227.0	31.0	2.0	5.0	4.0	1.0	2.0	175.0	205.0	194.0	208.0	80.0	16.0	
Bv6750901G	37.0	239.0	33.0	2.0	4.0	5.0	1.0	2.0	172.0	214.0	203.0	210.0	81.0	18.0	
Bv6751001G	34.0	237.0	31.0	1.0	5.0	5.0	1.0	2.0	168.0	207.0	192.0	213.0	80.0	15.0	
Bv6751101G	41.0	235.0	31.0	3.0	5.0	5.0	1.0	2.0	170.0	205.0	193.0	217.0	80.0	14.0	
Bv6751201G	38.0	234.0	31.0	3.0	4.0	4.0	1.0	2.0	172.0	204.0	188.0	214.0	83.0	15.0	
Bv6751301G	39.0	231.0	30.0	2.0	3.0	5.0	1.0	2.0	157.0	205.0	187.0	202.0	84.0	17.0	
Bv6751401G	40.0	236.0	31.0	3.0	5.0	5.0	1.0	2.0	172.0	205.0	192.0	216.0	82.0	19.0	
Bv6751501G	42.0	245.0	32.0	2.0	4.0	6.0	1.0	2.0	177.0	220.0	199.0	215.0	80.0	17.0	
Bv6751601G	36.0	239.0	31.0	1.0	3.0	4.0	1.0	1.0	174.0	204.0	190.0	211.0	79.0	17.0	
Bv6751701G	41.0	232.0	31.0	2.0	5.0	6.0	1.0	2.0	169.0	207.0	195.0	213.0	78.0	18.0	
Bv6751801G	40.0	237.0	28.0	1.0	2.0	5.0	1.0	2.0	162.0	207.0	191.0	209.0	78.0	15.0	
Bv6751901G	28.0	193.0	21.0	1.0	3.0	4.0	1.0	2.0	141.0	175.0	161.0	176.0	52.0	11.0	
Bv6752001G	39.0	243.0	33.0	1.0	2.0	5.0	1.0	2.0	170.0	211.0	197.0	221.0	82.0	20.0	
Bv6752101G	39.0	231.0	33.0	2.0	4.0	6.0	1.0	2.0	168.0	205.0	198.0	208.0	73.0	18.0	
Bv6752201G	38.0	236.0	32.0	2.0	2.0	5.0	1.0	2.0	166.0	214.0	197.0	213.0	82.0	17.0	
Bv6752301G	42.0	228.0	31.0	1.0	3.0	5.0	1.0	2.0	164.0	200.0	194.0	203.0	78.0	19.0	
Bv6752401G	40.0	233.0	28.0	2.0	3.0	5.0	1.0	2.0	170.0	199.0	188.0	216.0	78.0	15.0	
Bv6752501G	37.0	228.0	25.0	1.0	3.0	5.0	1.0	1.0	166.0	206.0	191.0	207.0	77.0	17.0	
Bv6752601G	38.0	229.0	25.0	1.0	3.0	5.0	1.0	1.0	162.0	206.0	195.0	204.0	77.0	19.0	
Bv6752701G	37.0	229.0	32.0	2.0	5.0	5.0	1.0	2.0	165.0	202.0	186.0	208.0	78.0	18.0	
Bv6752801G	35.0	240.0	29.0	1.0	3.0	6.0	1.0	2.0	171.0	212.0	193.0	212.0	81.0	17.0	
Bv6752901G	35.0	229.0	29.0	1.0	4.0	7.0	1.0	2.0	166.0	210.0	195.0	209.0	75.0	17.0	
Bv6753001G	41.0	241.0	32.0	1.0	4.0	5.0	1.0	2.0	164.0	208.0	196.0	213.0	79.0	18.0	
Bv6753101G	41.0	232.0	31.0	2.0	3.0	3.0	1.0	2.0	161.0	200.0	188.0	210.0	79.0	18.0	
Bv6753201G	39.0	237.0	30.0	2.0	5.0	4.0	1.0	1.0	175.0	200.0	185.0	212.0	85.0	16.0	
Bv6753301G	38.0	245.0	30.0	1.0	3.0	6.0	1.0	2.0	168.0	211.0	203.0	218.0	80.0	18.0	
Bv6753401G	40.0	234.0	33.0	1.0	3.0	5.0	1.0	2.0	170.0	203.0	192.0	213.0	81.0	17.0	
Bv6753501G	38.0	231.0	33.0	2.0	3.0	3.0	1.0	2.0	168.0	190.0	183.0	207.0	75.0	15.0	
Bv6753601G	37.0	240.0	28.0	2.0	5.0	3.0	1.0	2.0	178.0	209.0	193.0	219.0	81.0	17.0	
Bv6753701G	37.0	233.0	27.0	1.0	4.0	5.0	1.0	2.0	176.0	206.0	186.0	216.0	81.0	18.0	
Bv6753801G	35.0	240.0	32.0	2.0	5.0	3.0	1.0	2.0	178.0	215.0	194.0	218.0	83.0	19.0	
Bv6753901G	38.0	238.0	34.0	1.0	5.0	6.0	1.0	2.0	167.0	206.0	195.0	220.0	79.0	17.0	
Bv6754001G	38.0	234.0	31.0	2.0	2.0	5.0	1.0	2.0	162.0	207.0	202.0	207.0	80.0	15.0	
Bv6754101G	39.0	229.0	31.0	2.0	5.0	6.0	1.0	2.0	172.0	211.0	194.0	213.0	81.0	20.0	
Bv6754201G	36.0	232.0	30.0	2.0	5.0	4.0	1.0	2.0	179.0	199.0	188.0	218.0	82.0	19.0	
Bv6754301G	36.0	236.0	32.0	2.0	5.0	4.0	1.0	2.0	175.0	205.0	187.0	214.0	79.0	18.0	
Bv6754401G	39.0	229.0	30.0	2.0	3.0	5.0	1.0	2.0	157.0	202.0	190.0	203.0	81.0	18.0	
Bv6754501G	38.0	231.0	28.0	1.0	2.0	5.0	1.0	2.0	161.0	202.0	194.0	209.0	81.0	17.0	
Bv6754601G	40.0	230.0	27.0	2.0	5.0	5.0	1.0	2.0	165.0	202.0	190.0	210.0	77.0	18.0	
Bv6754701G	41.0	234.0	28.0	1.0	3.0	5.0		2.0	165.0	202.0	188.0	209.0	82.0	16.0	
Bv6754801G	36.0	241.0	29.0	3.0	5.0	7.0	1.0	2.0	184.0	219.0	204.0	224.0	84.0	20.0	
Bv6754901G	41.0	233.0	32.0	1.0	3.0	6.0		2.0	159.0	206.0	188.0	211.0	79.0	18.0	
Bv6755001G	36.0	243.0	33.0	2.0	5.0	4.0	1.0	2.0	172.0	216.0	205.0	222.0	83.0	17.0	
Bv6755101G	39.0	235.0	31.0	2.0	4.0	5.0	1.0	2.0	167.0	211.0	195.0	217.0	79.0	19.0	
Bv6755201G	37.0	232.0	30.0	1.0	2.0	6.0		2.0	168.0	198.0	181.0	215.0	78.0	17.0	
Bv6755301G	41.0	242.0	30.0	2.0	2.0	5.0	1.0	2.0	172.0	213.0	198.0	218.0	84.0	18.0	
Bv6755401G	40.0	240.0	28.0	1.0	3.0	5.0	1.0	1.0	168.0	210.0	200.0	215.0	80.0	18.0	
Bv6755501G	36.0	233.0	32.0	2.0	3.0	5.0	1.0	2.0	174.0	198.0	188.0	208.0	76.0	16.0	
Bv6755601G	35.0	230.0	34.0	1.0	4.0	6.0	1.0	2.0	156.0	202.0	195.0	203.0	83.0	19.0	
Bv6755701G	35.0	229.0	30.0	3.0	5.0	5.0	1.0	2.0	172.0	205.0	195.0	208.0	83.0	20.0	
Bv6755801G	38.0	234.0	29.0	1.0	3.0	5.0	1.0	2.0	169.0	211.0	193.0	211.0	82.0	21.0	
Bv6755901G	35.0	237.0	33.0	2.0	5.0	6.0	1.0	2.0	166.0	201.0	191.0	217.0	74.0	18.0	
Bv6756001G	38.0	237.0	27.0	1.0	4.0	6.0		2.0	162.0	203.0	186.0	211.0	79.0	18.0	
Bv6756101G	40.0	234.0	29.0	1.0	4.0	5.0	1.0	2.0	163.0	205.0	196.0	212.0	80.0	19.0	
Bv6756201G	38.0	230.0	35.0	1.0	4.0	4.0	1.0	2.0	166.0	207.0	201.0	215.0	86.0	21.0	
Bv6756301G	38.0	225.0	33.0	1.0	2.0	5.0	1.0	2.0	170.0	204.0	192.0	205.0	81.0	21.0	
Bv6756401G	36.0	235.0	30.0	1.0	1.0	4.0	1.0	2.0	163.0	202.0	195.0	212.0	82.0	19.0	
Bv6756501G	40.0	240.0	34.0	1.0	4.0	6.0	1.0	2.0	165.0	218.0	201.0	219.0	77.0	18.0	
Bv6756601G	39.0	224.0	30.0	2.0	4.0	5.0	1.0	2.0	170.0	204.0	187.0	207.0	80.0	16.0	
Bv6756701G	35.0	218.0	29.0	1.0	3.0	4.0	1.0	2.0	161.0	197.0	189.0	202.0	85.0	19.0	
Bv6756801G	34.0	238.0	34.0	1.0	4.0	6.0	1.0	2.0	167.0	209.0	198.0	214.0	85.0	19.0	
Bv6756901G	38.0	235.0	28.0	1.0	3.0	4.0	1.0	2.0	171.0	198.0	182.0	212.0	77.0	18.0	
Bv6757001G	36.0	237.0	34.0	2.0	5.0	5.0	1.0	2.0	178.0	208.0	200.0	216.0	83.0	21.0	
Bv6757101G	42.0	238.0	35.0	1.0	3.0	5.0	1.0	2.0	169.0	209.0	194.0	216.0	81.0	17.0	